function [ output_args ] = creatSwarm( input_args )
%CREATSWARM Summary of this function goes here
%   Detailed explanation goes here
cityCoor = [37, 52;
            49, 49;
            52, 64;
            20, 26;
            40, 30;
            21, 47;
            17, 63;
            31, 62;
            52, 33;
            51, 21;
            42, 41;
            31, 32;
              5, 25;
            12, 42;
            36, 16;
            52, 41;
            27, 23;
            17, 33;
            13, 13;
            57, 58;
            62, 42;
            42, 57;
            16, 57;
              8, 52;
              7, 38;
            27, 68;
            30, 48;
            43, 67;
            58, 48;
            58, 27];

end

